Mean Noise Amplitude <length scales>
-----------ALL SAMPLES-------------
70.6073828364 0.0465414114425 36.8377719196 0.233096059674 0.106365478377 1.22405427222 1.5667284134 1.94476071553 0.76086282074 1.5897814915 0.764135436894 1.19792848475 
70.6169581889 0.125648937916 36.8229852275 0.169793347291 0.194795112195 0.571615691394 1.89524004205 1.20197444433 0.819858137337 1.22907548643 1.55694709101 0.991050403218 
73.6034915079 0.329653738542 35.2497352202 0.206477723868 0.243454877982 1.29053576464 1.53485455722 0.24327101209 0.90879517552 1.76488972862 0.679152821025 1.05649091411 
73.1957444379 0.0333525502602 35.027238216 0.259744405706 0.158245672566 1.40242655931 1.33028386125 0.617064962669 0.934723320282 0.254276615082 1.98059272039 1.06765415192 
73.2211575161 0.289031428154 34.7848309906 0.278145479069 0.313190520324 0.938905340943 0.893317486567 1.35915390015 0.446560417492 1.15968921059 1.75831553298 0.474040378481 
73.1980540849 0.185464006316 34.7019297284 0.379163538609 0.0792155835657 0.943459228987 1.95149545531 1.4803687331 0.53043240869 1.58376395187 0.654659419946 0.633864598211 
73.4247797188 0.0123131367933 34.2505386661 0.239245758674 0.0707878646931 1.50530787488 1.56690320145 1.15103174381 0.606184190272 1.0675877583 1.58186359018 0.881437177923 
73.4249988136 0.0118326251933 34.2505020108 0.288939726248 0.243540596819 1.04381456968 1.20434450101 0.524867945279 0.388786446486 1.50544510616 0.624121449187 0.64037222086 
73.4259762487 0.0121619777984 34.2503539245 0.137329753646 0.285196169805 1.29646341195 1.3322846946 1.95463802882 0.446575052847 1.03638671592 0.155121530184 0.635602177795 
73.4212076882 0.00592119435774 34.2375176325 0.222751219586 0.32236077355 1.21349780699 1.27466586334 1.06523752304 0.569682814726 1.75913264481 1.67329371104 0.722920750679 
-----------MEAN OF SAMPLES-------------
72.8139751041 0.105192100677 35.0413403536 0.241468701237 0.201715264988 1.1430080521 1.45501180762 1.15423690088 0.641246078439 1.29500287093 1.14282033028 0.830136125796 
