Mean Noise Amplitude <length scales>
-----------ALL SAMPLES-------------
67.3694322025 0.001 1519.44022574 0.671307811016 0.546196776453 
140.149704139 0.001 1706.95982465 1.99249942643 0.550169673438 
117.686399482 0.001 1685.34228128 1.55411872037 0.414909804401 
73.1551491096 0.001 1746.86801581 1.43047302233 0.36009749114 
93.9766115909 0.001 1746.94483305 0.242845838128 0.207203293275 
56.6981029743 0.001 1848.91621077 1.21060219713 0.203831269462 
58.495712457 0.001 2174.1696086 1.05157214964 0.374863261897 
82.2810858041 0.001 2167.89282978 1.36920748295 0.330071366931 
75.0021516978 0.001 2176.22572335 0.293831554499 0.287276390477 
66.2093499566 0.001 2169.62189948 0.0707112636072 1.90296857517 
-----------MEAN OF SAMPLES-------------
83.1023699415 0.001 1894.23814525 0.988716946611 0.517758790264 
